colors =[0      0.3    1;
         0       0.6     0.3;
         1     0.5   0.00;
          0.9   0.0   0.0;
         0      0    0.5;
          0.99  0.8  0.0;
         0.0   1   0.;
         0.6   0.0   0.4;
          0.     0    0.3;
         0.70  0.70  0.2;
         0.55  0.00  0.95;
         0.5   0.50  0.5;
         0.4   0.40  1.00;
         0.1   0.1   0.8;
         0.6   0.2   0.3;
         0.7   0.1   0.7;
         0.3   0.6   0.6;
         0.0   0.00  0.00;
         1     0.5   0.00;
         0.0   1.0   0.0;
          0.9   0.0   0.0;
         0      0    0.5;
         0.0   0.6   0.1;
         0.6   0.0   0.4;
          0.     0    0.3;
          0      0.3    1;
         0       1     0.3;
         1     0.5   0.00;
          0.9   0.0   0.0;
         0      0    0.5;
          0.99  0.8  0.0;
         0.0   0.6   0.;
         0.6   0.0   0.4;
          0.     0    0.3;
         0.70  0.70  0.2;
         0.55  0.00  0.95;
         0      0.3    1;
         0       1     0.3;
         1     0.5   0.00;
          0.9   0.0   0.0;
         0      0    0.5;
          0.99  0.8  0.0;
         0.0   0.6   0.;
         0.6   0.0   0.4;
          0.     0    0.3;
         0.70  0.70  0.2;
         0.55  0.00  0.95;
         0.5   0.50  0.5;
         0.4   0.40  1.00;
         0.1   0.1   0.8;
         0.6   0.2   0.3;
         0.7   0.1   0.7;
         0.3   0.6   0.6;
         0.0   0.00  0.00;
         1     0.5   0.00;
         0.0   1.0   0.0;
          0.9   0.0   0.0;
         0      0    0.5;
         0.0   0.6   0.1;
         0.6   0.0   0.4;
          0.     0    0.3;
          0      0.3    1;
         0       1     0.3;
         1     0.5   0.00;
          0.9   0.0   0.0;];
                       

set(0,'DefaultAxesColorOrder',colors);
 